100
15 100 4
13 6 56
15 4 93
13 6 4
5 9 70
15 5 23
11 5 64
7 10 99
5 8 28
7 2 12
11 2 49
6 11 25
3 6 100
10 11 37
12 3 64
10 2 29
2 14 83
8 1 6
5 7 67
11 4 95
9 5 90
7 1 87
11 13 89
7 2 37
14 7 32
2 1 89
8 7 49
4 10 85
11 4 62
9 10 56
6 12 47
4 2 22
2 11 81
8 6 90
11 8 84
14 2 21
2 5 11
2 4 79
11 10 39
6 12 52
2 3 11
15 7 5
7 15 36
6 10 2
2 9 71
15 8 3
7 9 16
6 7 58
4 2 35
4 12 45
13 11 17
11 3 26
14 8 88
9 12 89
10 13 100
3 14 82
1 13 47
4 7 60
11 14 84
8 1 26
2 3 63
11 2 87
3 7 77
13 4 50
9 3 33
5 10 5
4 8 44
4 13 15
14 15 45
15 4 1
2 6 85
3 12 41
12 3 85
6 15 53
9 5 56
13 8 43
9 14 48
5 15 2
6 9 85
8 11 96
7 5 22
3 6 80
11 14 29
6 7 21
2 4 15
4 9 73
1 3 98
3 15 82
7 12 51
3 13 46
10 7 84
12 5 59
12 10 64
7 5 37
11 1 46
11 15 62
5 9 80
4 2 27
5 2 11
7 5 64
12 7 70
9 76 0
3 5 38
6 3 46
3 2 97
8 1 58
8 3 67
9 7 17
2 4 32
8 4 29
8 4 31
9 1 1
1 6 83
1 9 16
6 5 55
8 7 77
2 3 11
5 9 16
9 3 57
7 2 30
6 4 100
9 3 59
8 5 49
2 9 65
4 5 59
3 7 24
2 8 24
8 3 24
2 7 20
2 1 58
8 2 61
5 2 90
7 9 93
4 3 18
7 1 11
2 5 87
4 7 61
7 8 83
9 3 30
3 6 38
9 5 8
5 4 31
5 8 94
4 9 38
8 5 71
4 1 14
1 8 55
7 9 8
9 4 86
3 8 46
2 7 5
1 8 95
5 3 9
2 5 44
6 8 15
2 6 26
7 6 79
7 4 97
7 6 79
1 5 54
8 9 29
1 6 77
6 9 43
7 6 34
8 6 11
8 5 11
4 8 31
6 3 37
9 1 43
1 2 77
4 5 21
6 4 85
4 2 40
6 4 82
4 5 37
1 4 60
4 1 30
6 9 8
11 120 1
1 10 69
2 1 39
1 3 55
7 6 93
8 9 56
1 7 89
4 9 16
2 9 28
7 3 50
8 10 18
4 1 29
3 9 96
3 10 63
11 6 36
8 5 18
2 1 33
5 10 98
7 1 27
4 3 47
10 3 77
9 2 43
5 8 89
2 11 79
6 10 12
1 7 90
2 11 10
2 5 5
9 10 69
9 5 73
5 7 78
3 6 96
6 7 36
9 4 25
5 10 39
11 9 55
5 4 76
7 6 79
11 3 42
8 4 11
11 1 98
8 5 15
10 6 68
1 3 92
9 7 36
7 4 33
6 1 84
7 1 57
9 5 11
3 8 57
1 7 28
7 11 32
11 6 42
1 3 26
2 3 100
7 5 64
2 9 42
3 8 94
2 4 12
5 8 3
7 9 27
9 10 3
11 8 80
2 9 4
1 11 90
4 8 17
8 2 21
10 8 17
2 7 70
11 4 16
6 8 34
1 8 72
4 5 7
2 11 88
11 6 51
10 8 93
5 10 97
11 9 14
5 7 74
8 6 89
6 2 96
4 7 39
6 11 5
8 2 5
2 6 66
2 9 21
7 5 87
11 10 76
5 8 46
7 2 34
3 1 10
3 9 38
5 10 83
9 7 84
4 9 44
5 7 85
1 10 33
9 10 6
6 5 51
10 9 13
8 3 96
2 7 2
3 8 64
11 10 14
9 8 31
11 9 61
4 2 59
2 8 42
7 2 30
2 1 13
5 8 29
2 4 89
6 11 70
9 11 21
6 4 10
3 9 51
7 3 69
5 3 35
6 3 44
8 11 78
11 10 8
5 16 4
4 3 74
1 2 50
4 1 36
5 3 70
2 3 43
5 3 42
5 3 46
5 3 74
5 1 58
5 2 60
4 5 96
4 2 35
4 3 51
2 5 31
5 1 40
3 5 73
14 157 5
7 5 21
4 2 31
12 9 43
11 7 91
5 8 17
6 14 40
7 14 52
12 4 27
12 6 43
2 5 75
10 4 88
13 5 55
12 13 21
1 9 80
8 2 96
7 11 5
14 10 6
1 14 71
10 7 97
14 9 63
8 9 10
6 1 73
6 9 38
6 2 85
10 8 66
7 3 40
10 9 9
4 9 30
7 11 16
14 9 21
8 3 52
4 5 14
14 2 54
2 11 71
6 9 68
3 12 34
11 1 30
7 9 89
7 5 6
3 10 44
5 13 77
1 7 14
12 13 85
2 8 15
11 13 69
13 7 17
9 1 31
1 8 82
12 11 35
1 4 62
5 1 37
10 4 29
10 3 44
1 4 49
8 12 58
9 6 4
3 6 22
8 2 19
6 8 79
14 6 21
4 11 14
8 1 49
5 10 13
8 1 67
2 14 18
10 14 56
13 6 6
3 6 75
7 6 17
13 11 27
5 7 66
6 2 70
4 7 24
7 11 44
12 14 32
10 1 91
5 3 3
4 5 50
5 8 27
4 7 23
10 8 89
14 7 31
14 5 39
10 13 84
13 11 81
6 7 30
6 10 58
14 1 85
14 13 78
1 9 35
3 12 31
2 6 78
12 8 1
11 8 9
8 6 21
9 1 77
8 12 90
10 6 15
1 14 79
7 11 87
9 10 16
2 10 7
3 8 85
14 9 18
14 5 31
13 12 25
2 9 82
14 10 30
5 8 99
11 4 23
5 4 82
8 3 10
14 7 94
4 11 27
11 3 26
14 13 22
8 14 7
4 9 31
4 14 56
13 12 91
7 9 8
13 2 33
14 5 33
10 9 75
7 5 59
13 14 37
6 4 2
2 14 48
6 11 69
9 5 13
11 5 47
3 9 7
4 6 89
11 12 97
10 8 83
3 2 13
6 9 6
11 6 86
3 6 77
13 12 11
11 12 82
13 3 62
6 12 14
11 5 99
10 13 74
6 12 4
10 6 83
7 8 4
3 9 41
7 9 9
12 14 49
1 13 50
8 6 4
13 11 26
13 11 24
10 4 12
1 10 3
12 91 5
11 3 79
1 7 32
7 2 39
6 2 81
11 12 16
10 2 63
8 3 28
2 11 21
5 2 62
10 4 9
8 7 5
9 3 17
7 9 30
11 10 100
2 12 13
4 9 20
3 5 71
8 1 18
2 9 70
6 8 63
3 9 79
2 10 38
12 2 83
9 1 34
2 1 23
6 9 85
11 3 59
9 5 77
6 8 74
4 8 17
5 8 46
4 8 92
12 10 68
5 3 59
7 2 16
3 4 47
1 7 40
3 5 26
3 6 12
3 4 35
12 5 42
8 9 72
7 11 88
2 6 46
2 6 88
2 7 83
6 5 57
12 6 7
1 10 59
5 9 95
10 1 31
10 2 65
9 11 11
7 5 69
10 8 55
12 5 36
4 10 38
3 1 20
2 10 73
1 5 57
3 9 33
8 7 72
8 11 52
8 7 76
3 1 42
2 10 7
12 4 65
10 4 53
9 7 15
3 2 61
3 5 84
9 10 40
5 1 76
12 4 34
1 11 45
1 11 46
12 3 46
12 11 93
12 3 39
7 3 60
5 11 17
2 9 28
8 2 64
7 2 69
7 2 42
11 6 24
3 6 66
4 9 78
5 1 98
12 8 33
11 5 3
5 8 1
4 2 78
4 2 29
4 5 70
3 2 53
4 1 92
2 1 29
4 1 76
5 3 28
10 88 0
9 3 73
4 6 35
4 7 19
10 1 46
3 1 24
6 10 36
1 5 94
6 9 6
6 7 91
2 5 80
10 6 74
2 3 73
7 10 57
8 2 61
4 9 17
7 4 38
10 3 72
1 9 4
1 3 24
6 10 90
3 4 93
9 6 57
3 6 56
10 9 74
4 5 11
2 6 14
8 1 51
1 9 17
4 7 39
5 8 12
1 7 56
6 4 89
4 7 26
1 5 1
8 3 11
4 2 16
4 1 75
10 3 26
5 6 89
5 10 2
6 4 18
7 6 15
6 2 47
9 1 6
4 1 95
8 1 83
7 6 19
5 1 45
8 10 89
10 5 50
9 10 69
8 4 1
5 2 16
6 8 85
5 1 9
1 5 40
8 7 69
2 9 51
4 7 48
7 4 84
7 6 73
6 2 50
10 1 82
3 4 28
4 10 86
10 4 58
5 4 63
8 4 21
5 4 78
10 2 4
5 3 75
6 4 18
4 2 34
6 10 57
3 2 33
4 5 53
6 2 18
5 6 59
3 5 68
5 8 42
10 2 54
7 9 6
1 4 65
1 5 36
10 6 25
1 10 11
10 8 87
6 1 16
13 118 5
12 4 36
4 5 82
6 10 98
11 2 60
7 4 10
3 10 32
8 12 68
3 10 29
2 9 26
1 9 46
8 1 37
5 4 2
13 2 84
4 12 48
9 5 36
8 11 7
11 10 20
12 13 73
9 1 96
13 5 79
9 8 97
11 5 23
10 13 100
5 6 43
6 8 10
9 10 48
13 9 16
1 6 37
3 1 10
5 4 73
7 13 24
13 8 9
3 11 46
4 1 18
1 5 40
13 9 11
12 9 84
5 4 52
4 2 70
4 1 27
13 5 29
9 1 33
3 10 58
9 2 96
10 6 57
9 6 91
13 8 48
4 8 71
3 9 40
7 1 18
11 2 49
6 2 76
5 8 24
12 11 17
7 12 12
13 1 90
4 6 78
13 8 54
1 12 51
5 7 12
1 3 99
1 10 44
3 5 33
13 1 72
2 6 10
8 12 6
5 2 61
6 3 59
10 8 87
12 2 57
3 6 100
13 9 49
6 12 16
1 7 16
2 11 46
11 9 61
1 5 54
8 9 96
7 3 92
1 12 1
3 7 14
9 4 88
13 1 66
8 10 91
5 8 4
4 2 65
2 12 64
11 2 57
13 11 84
9 4 48
8 12 41
4 11 9
8 11 30
9 3 39
8 10 51
13 5 58
9 8 33
2 7 36
4 13 45
4 9 78
4 10 58
13 11 58
3 12 21
6 11 22
10 13 21
4 10 50
8 9 100
7 6 59
13 1 72
6 13 12
1 10 92
4 11 72
13 10 81
13 1 95
7 4 53
6 8 37
7 3 97
4 1 31
12 14 4
7 2 31
5 3 72
9 10 56
5 2 45
1 7 95
3 11 13
9 7 60
4 9 97
4 11 60
8 3 10
2 12 32
6 12 33
4 7 100
5 2 61
13 157 2
7 1 64
6 4 8
4 10 73
3 10 67
3 13 68
8 2 64
9 10 43
5 8 11
1 7 70
8 2 97
9 1 70
3 13 28
3 12 19
1 3 58
10 4 44
8 4 70
13 8 35
12 5 5
5 2 37
9 2 2
6 12 56
3 4 82
3 13 32
8 4 61
6 9 90
3 8 88
1 10 45
11 10 67
3 11 54
5 2 8
10 7 68
13 4 69
12 6 97
8 12 11
11 7 74
9 11 80
1 3 37
1 3 42
4 6 10
13 4 38
9 7 54
1 9 79
12 5 72
1 13 31
8 6 4
3 13 17
13 11 14
12 6 77
3 12 42
12 9 48
7 6 92
1 2 56
12 3 50
9 1 32
7 12 71
12 7 20
11 7 19
10 8 95
3 4 25
12 10 84
4 7 69
5 8 87
6 8 62
11 3 96
7 2 55
2 12 45
8 3 49
1 5 18
7 13 58
1 8 70
4 11 54
12 13 26
11 9 36
10 5 72
1 10 23
11 10 79
3 2 69
9 13 84
12 3 72
4 1 16
6 3 32
1 11 79
9 11 89
2 13 70
1 8 12
5 1 67
5 2 2
10 13 91
11 6 95
3 6 58
1 3 62
6 5 22
6 11 67
8 1 50
4 11 49
6 3 95
3 5 93
10 11 50
1 7 57
1 6 37
7 3 54
6 8 6
10 2 86
12 7 79
11 8 18
8 3 93
8 6 93
13 11 3
2 8 11
5 2 2
11 7 32
2 13 12
1 7 36
7 5 11
2 5 22
7 5 31
3 9 56
4 6 29
1 11 74
5 1 15
12 10 27
4 6 91
2 11 72
5 8 95
12 8 73
6 4 4
9 12 34
10 6 9
10 5 87
2 11 52
13 8 29
13 7 90
10 7 70
12 2 64
4 2 68
5 7 57
8 4 35
2 11 60
10 11 99
1 6 16
13 11 33
9 2 64
13 1 85
13 9 55
12 13 53
8 9 100
8 5 89
2 3 2
12 10 53
9 8 93
13 7 20
4 5 46
9 2 33
13 8 35
5 12 83
8 4 3
5 12 42
6 23 2
1 6 89
4 5 22
5 6 28
4 3 12
1 3 24
1 6 92
1 3 33
6 5 55
3 5 78
6 3 67
6 3 84
4 1 95
5 2 29
4 3 72
6 3 67
1 6 77
6 4 16
1 6 73
2 4 42
2 3 49
2 4 90
1 4 78
2 4 59
5 9 4
1 2 33
3 5 28
2 3 72
5 1 33
3 4 60
4 2 54
4 5 19
2 1 91
5 4 39
11 94 4
10 9 83
1 3 76
7 5 82
2 7 29
11 9 92
10 8 14
10 2 17
3 10 47
3 10 27
9 2 12
5 10 57
9 6 83
6 7 34
7 3 91
10 7 75
2 1 41
7 3 2
2 3 72
3 4 31
9 5 68
2 11 64
2 10 83
9 3 14
11 1 32
8 9 58
3 1 7
8 9 46
7 4 100
8 6 53
1 4 29
10 1 73
11 10 37
9 7 2
4 1 30
11 7 23
1 8 49
2 5 15
7 11 16
7 11 11
5 3 60
9 1 35
5 3 32
6 11 30
2 7 12
6 11 21
11 1 71
2 7 86
7 5 84
4 2 50
11 7 81
7 10 64
11 9 10
1 9 78
1 2 96
2 3 96
1 4 50
9 1 92
2 4 61
7 1 55
2 10 72
1 3 89
10 11 74
4 1 31
8 2 60
10 5 20
3 8 89
1 5 95
6 2 59
10 2 98
6 8 56
6 5 42
1 3 87
3 11 44
1 9 16
4 7 2
5 9 67
11 6 38
4 11 9
3 6 58
3 10 14
9 1 66
1 10 68
11 4 79
11 10 85
11 8 52
6 10 91
3 4 40
10 3 57
5 2 47
4 8 29
10 3 79
9 2 48
4 6 22
3 9 53
7 28 5
6 2 39
5 3 40
3 7 19
3 6 9
7 6 79
4 1 51
3 4 71
4 7 77
7 5 25
1 7 19
6 5 78
6 3 78
6 2 24
4 7 61
7 1 88
3 1 98
2 4 48
4 5 33
2 5 77
6 5 29
2 3 64
1 4 10
1 5 60
3 7 58
2 6 28
4 6 35
7 6 13
5 6 13
3 5 1
3 2 84
3 2 3
1 3 43
1 3 10
1 2 60
11 51 5
6 3 67
4 6 33
2 3 10
4 9 79
6 11 79
10 7 30
4 8 12
3 11 39
11 8 44
11 9 11
3 9 77
9 11 7
6 3 76
4 9 71
5 2 15
4 8 10
8 9 81
10 11 8
5 8 89
11 3 47
7 6 44
10 6 71
7 1 9
1 9 52
4 1 16
3 7 9
4 3 54
11 4 35
10 3 87
1 7 70
5 10 7
9 2 29
9 8 87
11 10 55
2 4 92
2 7 46
5 4 21
4 5 83
10 11 99
5 11 95
2 1 36
10 5 37
5 3 26
9 4 26
10 7 93
3 11 70
10 11 17
10 5 24
4 1 40
7 11 52
7 8 47
14 108 3
8 13 7
2 5 53
11 12 18
8 14 80
13 2 73
11 12 42
11 2 99
7 13 55
13 9 74
12 7 20
6 3 70
7 11 54
2 8 8
5 11 64
9 10 96
9 2 44
13 8 85
6 11 68
2 5 67
11 8 66
11 3 64
11 2 40
2 13 42
10 13 95
12 5 71
13 2 94
4 7 17
6 3 5
7 9 20
2 10 33
9 14 54
3 14 26
8 11 25
8 10 23
3 1 12
3 7 49
2 14 2
8 9 37
8 12 7
14 3 27
2 6 51
9 7 20
13 1 47
7 12 5
4 12 33
13 4 90
13 10 72
10 11 25
6 2 17
14 3 54
10 9 63
7 10 92
12 14 29
10 14 77
10 13 1
3 10 52
13 1 75
1 13 87
7 3 9
8 4 63
5 3 14
5 3 8
7 4 65
9 1 62
2 4 25
12 4 98
10 1 3
3 12 40
12 10 72
3 2 39
3 10 99
1 10 55
8 10 98
7 1 27
11 2 42
6 5 75
7 9 26
1 2 93
14 4 11
10 12 53
8 14 97
2 1 46
14 13 30
5 2 66
4 11 98
1 12 74
13 3 46
10 12 2
8 13 67
12 10 31
2 14 11
9 13 36
7 4 64
10 8 68
10 6 61
7 5 85
2 9 25
4 7 62
4 10 85
10 6 17
13 4 43
3 8 79
14 2 11
10 9 43
13 8 9
14 1 75
7 13 86
2 6 96
13 34 3
6 9 74
3 1 51
11 3 70
4 7 17
10 8 35
12 10 26
11 9 31
11 3 88
3 5 30
8 7 27
11 10 87
11 13 59
13 2 74
12 6 18
10 7 33
3 12 9
13 2 88
1 6 45
1 8 12
9 2 19
10 6 10
10 9 34
10 5 99
10 4 12
2 1 91
9 4 39
12 7 94
2 10 22
7 8 8
1 7 44
1 11 82
10 13 91
9 2 91
11 9 16
15 150 5
13 12 95
4 6 62
8 1 22
8 11 43
14 7 70
5 7 27
10 3 70
5 12 6
2 11 46
13 14 27
11 7 8
10 6 91
15 14 53
5 11 72
11 13 84
1 13 29
3 11 77
2 6 68
11 5 91
10 14 60
12 15 52
5 15 5
15 9 13
1 14 89
12 15 68
14 5 1
2 5 73
11 9 3
8 10 57
12 6 24
9 2 53
14 7 48
15 4 8
13 2 19
12 10 93
1 7 93
10 14 4
6 13 40
7 13 85
15 4 81
8 1 95
12 5 50
13 3 14
15 6 2
13 2 53
2 3 19
1 8 38
2 7 93
4 14 13
13 4 29
3 15 17
2 5 90
7 8 50
1 12 45
13 15 41
7 9 65
9 7 55
10 5 21
1 15 11
11 5 90
3 14 98
14 5 14
13 10 64
12 10 22
6 11 52
7 4 53
9 14 49
4 3 70
15 7 85
6 13 9
6 7 55
4 5 4
14 15 96
7 11 21
10 6 16
12 1 55
9 2 72
6 9 90
7 6 84
6 3 36
10 7 50
12 4 17
5 15 43
6 10 100
2 8 99
5 15 79
12 6 52
12 8 19
3 9 49
4 11 30
10 5 81
5 10 80
8 14 95
8 11 57
6 14 51
9 7 52
13 5 93
4 14 55
6 9 87
1 14 49
9 15 25
9 15 85
6 13 43
4 7 74
8 11 5
6 2 34
3 6 74
2 7 84
3 13 37
14 4 70
13 12 5
9 12 88
7 14 80
14 10 29
5 11 78
1 10 67
9 7 73
9 8 36
10 1 90
10 6 5
2 5 42
15 3 30
3 7 36
4 6 75
3 5 87
6 11 28
6 8 21
1 11 91
8 14 87
10 1 72
8 14 2
10 4 6
2 4 65
2 8 78
13 4 26
8 12 80
1 3 95
4 3 74
2 4 43
4 13 17
12 2 16
9 4 48
4 10 79
11 9 66
5 4 71
6 8 27
9 3 12
5 14 24
11 3 80
5 7 41
13 26 1
10 6 5
7 12 95
11 8 22
11 7 42
4 11 50
3 2 51
13 2 69
7 10 1
4 7 16
5 7 79
6 3 10
11 2 55
11 10 2
10 6 7
13 5 62
13 12 24
2 8 89
12 3 56
3 1 98
10 7 13
3 5 61
5 7 7
8 13 85
7 8 3
1 13 67
7 12 42
6 35 0
1 6 63
3 2 54
4 2 57
3 5 99
3 2 62
6 5 48
2 5 74
6 2 39
4 5 26
2 6 36
6 1 92
1 3 15
3 2 9
6 2 84
5 3 46
6 2 11
3 5 36
5 3 51
2 5 96
6 4 60
1 6 65
6 4 59
4 6 100
6 1 49
3 4 52
4 5 89
1 6 58
6 2 17
6 2 47
6 5 37
2 6 35
4 6 98
5 6 14
2 1 100
2 6 58
10 71 3
6 8 13
2 4 95
5 7 87
8 7 37
5 1 35
3 5 88
3 9 64
7 1 8
1 8 9
7 1 55
10 8 5
8 3 32
1 7 43
6 4 86
7 5 74
1 3 4
9 2 13
4 5 4
4 6 68
5 4 97
5 9 44
10 5 100
8 3 42
9 4 22
10 9 8
7 9 51
4 10 69
5 7 73
1 5 25
10 8 58
7 8 6
7 1 26
7 6 4
9 8 10
4 9 2
4 7 66
9 8 38
4 7 27
8 9 98
6 2 62
4 7 9
9 3 82
10 3 22
8 7 16
1 9 33
7 9 38
1 10 14
5 2 92
8 3 65
2 9 61
9 10 54
2 1 46
5 4 10
3 6 45
4 9 80
9 1 27
8 4 5
10 5 47
8 2 99
7 9 95
9 10 60
2 5 51
2 10 13
7 4 43
5 8 16
9 8 60
5 6 61
1 8 80
5 3 89
8 1 12
4 5 79
7 44 0
1 2 53
4 5 99
7 3 35
1 5 71
1 5 53
6 4 82
2 3 52
2 1 43
4 7 34
4 6 80
6 5 19
3 2 94
6 4 99
6 4 89
2 1 68
6 3 82
4 1 40
5 2 22
1 4 81
2 6 80
5 7 44
5 6 47
7 3 68
3 5 35
7 2 52
6 7 42
2 7 4
2 3 27
6 5 91
4 3 59
1 4 36
3 5 50
7 2 19
1 4 88
5 4 69
3 4 15
6 1 24
4 6 32
6 2 11
3 4 79
1 2 35
2 6 25
7 4 18
5 3 4
14 109 3
6 3 27
7 4 72
4 14 33
3 13 10
8 12 63
1 10 72
8 10 92
8 10 33
1 4 25
1 6 39
2 7 35
11 14 44
7 9 59
2 4 80
1 7 98
3 9 86
1 12 65
8 13 88
5 6 42
13 11 34
5 7 35
12 11 7
7 4 23
4 13 31
11 1 89
9 2 96
13 3 78
2 5 62
7 6 99
13 4 6
11 10 50
2 9 90
6 14 16
11 13 70
10 7 92
9 2 11
1 5 11
2 5 90
4 9 72
12 10 11
8 5 22
14 8 39
12 11 37
12 7 8
9 4 70
4 14 40
6 3 39
11 6 73
14 9 51
4 9 3
13 8 92
1 7 79
11 13 89
5 2 88
11 2 95
6 12 78
12 5 50
1 6 13
9 8 69
9 6 62
2 14 88
12 9 30
9 7 31
12 6 33
1 2 63
10 5 12
1 6 28
7 2 93
1 8 35
1 6 95
14 8 6
1 14 57
5 2 21
13 5 6
12 3 26
9 10 60
5 7 91
13 1 64
12 5 57
11 13 63
8 13 42
14 12 83
14 7 92
6 7 25
12 7 50
3 10 87
2 14 41
7 6 26
6 5 41
11 2 78
14 6 96
2 10 97
6 8 11
13 14 70
12 5 82
5 3 90
14 9 96
13 2 15
8 12 34
4 1 8
6 12 97
1 4 44
7 6 20
10 7 43
8 1 41
14 7 16
8 6 63
1 6 48
14 12 86
11 75 5
7 6 46
11 1 51
11 6 42
3 6 91
1 4 37
2 8 75
10 4 81
6 1 96
6 10 10
7 1 1
5 1 80
2 9 27
3 5 43
1 2 60
5 7 13
3 2 49
11 8 28
5 6 93
6 4 20
2 8 87
9 10 2
1 2 93
1 5 26
8 9 90
10 6 52
5 11 50
9 3 59
6 7 83
6 3 82
1 11 8
11 7 34
3 6 78
9 6 61
10 11 47
8 4 68
6 8 5
5 10 20
5 6 72
5 1 10
9 7 58
8 1 73
4 8 64
2 9 78
8 4 31
4 1 25
11 5 44
4 2 47
10 9 47
10 11 27
7 4 12
2 9 25
6 9 9
6 3 40
5 3 98
4 3 65
2 3 15
5 2 65
6 7 1
2 3 67
1 11 84
4 2 26
10 4 98
2 6 96
9 11 2
3 5 93
5 1 77
6 11 57
2 1 81
4 2 57
4 1 24
6 11 26
2 4 67
3 8 30
5 4 43
9 5 27
13 166 4
8 4 55
1 2 68
8 1 26
9 2 47
1 5 10
7 2 37
8 1 10
10 6 12
13 4 51
10 11 66
2 11 30
1 11 43
11 10 9
8 5 1
3 2 31
2 5 49
12 7 71
8 13 4
1 11 96
1 6 71
2 5 90
13 7 98
7 9 28
8 12 48
2 13 77
1 12 94
5 12 97
1 2 17
6 13 73
8 13 98
3 1 49
3 4 55
13 11 99
1 5 9
3 9 34
5 1 66
5 1 99
11 12 22
5 9 70
1 11 52
12 7 41
4 13 70
11 13 6
7 6 64
1 12 56
2 13 12
13 12 79
11 3 14
11 4 38
3 10 92
9 3 71
6 12 71
5 2 74
6 13 8
3 5 29
6 5 31
5 9 39
2 10 6
2 11 24
3 12 87
6 7 27
10 3 12
7 1 78
2 7 44
5 9 75
8 9 7
10 2 75
10 13 12
4 10 23
7 12 14
13 9 47
13 12 18
11 2 14
10 7 23
13 9 2
13 11 96
6 12 40
6 3 61
12 8 97
7 4 11
4 6 41
2 12 82
7 13 64
5 10 7
8 9 47
11 6 21
13 7 35
3 11 37
5 6 96
5 6 53
2 4 56
12 11 77
10 5 46
13 5 54
3 9 32
2 4 24
3 1 50
5 9 48
6 3 94
2 6 23
7 3 38
2 10 97
4 11 51
4 2 28
2 9 87
6 7 78
5 1 87
8 9 81
10 12 45
7 5 98
4 3 17
2 7 18
12 13 11
6 7 69
11 13 14
12 8 30
6 4 83
1 6 30
4 1 88
8 2 12
7 9 19
7 6 78
12 10 27
11 1 87
10 13 99
5 8 98
9 2 22
11 7 64
9 1 96
5 6 7
6 3 6
5 9 27
1 6 91
5 3 36
6 7 88
10 8 25
13 9 14
7 8 95
13 8 41
1 13 2
4 9 31
7 4 57
7 13 86
5 10 65
4 2 67
10 3 15
10 13 81
2 8 28
9 5 4
1 12 55
12 6 78
9 5 6
13 6 85
4 1 37
1 13 47
4 6 37
2 13 39
3 8 44
7 10 31
11 9 86
1 5 59
4 5 24
9 2 83
4 8 74
3 9 70
12 3 3
5 23 5
2 1 38
1 3 12
4 5 51
5 4 90
1 4 39
1 5 67
5 2 48
1 5 19
1 2 15
2 3 46
1 4 8
2 4 2
4 2 76
1 5 79
1 5 12
4 5 20
5 4 16
4 1 92
3 2 28
4 5 22
4 1 80
5 1 89
2 1 71
14 168 0
3 8 53
11 5 81
13 10 5
4 12 50
5 4 24
8 3 70
11 8 9
9 5 59
13 3 40
5 9 66
10 13 86
8 14 40
7 6 91
14 11 8
3 1 15
12 4 12
11 7 92
9 6 74
3 1 40
11 5 81
6 12 76
6 4 85
13 12 85
9 14 28
2 7 66
1 13 25
13 9 16
3 12 28
5 12 14
6 2 71
12 13 34
7 1 3
4 14 58
11 14 50
4 2 54
8 6 25
1 9 69
9 12 84
9 4 90
2 1 4
5 2 71
5 10 23
4 11 71
3 12 98
2 12 61
1 5 34
11 10 24
3 2 69
4 5 45
4 2 71
9 14 53
1 3 58
8 14 44
8 10 95
10 6 5
1 6 10
8 12 61
10 7 88
13 3 44
9 1 89
3 1 17
6 13 7
3 1 4
11 13 72
11 9 23
12 2 13
9 10 32
7 1 21
5 13 99
4 11 14
11 9 68
12 4 59
13 5 21
10 6 36
5 1 52
9 6 8
1 3 7
8 1 76
9 4 92
6 14 43
4 5 34
4 7 87
7 4 11
7 1 12
14 11 94
11 12 26
2 10 56
14 13 45
1 2 55
2 7 7
5 12 89
7 3 97
11 6 64
7 8 34
11 9 21
12 10 19
12 9 72
5 13 9
8 6 52
4 1 62
2 1 100
7 6 11
14 7 99
5 1 92
13 10 55
9 5 30
3 5 71
4 7 44
2 14 76
1 7 31
14 9 42
2 12 45
11 13 70
3 7 51
1 11 86
5 12 4
12 10 6
3 9 56
9 12 22
6 2 9
3 2 70
13 14 8
12 14 90
1 10 40
11 14 10
11 7 74
7 6 85
2 11 63
4 14 62
10 6 80
2 12 36
1 2 50
1 9 1
4 10 75
13 3 91
8 6 60
12 10 51
10 5 58
7 5 29
4 11 88
3 1 96
6 12 52
5 2 16
3 2 1
4 11 8
8 2 87
10 8 80
2 13 30
5 9 59
12 7 45
14 12 42
5 4 25
7 12 94
6 5 94
8 4 8
1 14 84
5 3 47
3 11 43
4 12 72
14 4 8
1 14 15
4 11 14
11 5 76
4 10 59
13 5 48
10 5 86
12 10 41
2 8 75
12 98 4
9 3 5
1 2 20
4 6 22
12 1 76
8 3 47
1 8 75
2 1 28
11 3 46
11 8 24
1 4 89
7 2 80
11 2 18
4 12 79
3 7 35
9 4 39
5 3 6
9 6 10
11 9 63
7 10 68
2 12 87
2 9 9
2 5 69
9 3 44
11 8 57
10 9 27
8 9 16
2 12 95
6 1 48
1 7 74
8 12 13
8 2 23
2 8 29
12 1 94
11 8 66
2 1 78
7 9 7
10 8 25
5 6 58
3 8 56
11 4 8
10 7 87
7 12 64
3 9 19
4 6 18
7 2 37
7 8 20
8 1 20
6 4 47
8 5 86
12 5 16
10 9 14
8 11 28
3 4 84
11 2 2
2 6 41
7 5 1
11 2 51
6 3 35
1 8 96
6 5 99
1 3 42
2 6 100
10 12 86
11 3 21
4 5 100
6 11 49
8 12 23
11 6 63
3 9 10
12 5 49
10 5 14
9 1 5
10 7 88
1 10 59
5 8 81
7 3 44
2 10 56
3 1 75
12 1 96
7 12 47
10 8 15
10 7 97
10 3 67
8 2 61
4 2 90
9 6 17
2 10 17
11 5 85
6 5 88
10 9 14
5 3 98
11 2 58
6 2 70
6 9 37
8 7 72
5 7 31
2 3 74
6 2 86
13 31 3
1 11 86
3 2 10
4 3 1
10 11 75
8 3 23
8 5 82
11 10 94
9 1 15
2 12 96
7 13 69
6 12 10
1 13 15
3 2 23
6 2 76
3 8 55
6 2 78
9 13 53
13 3 51
5 10 94
6 2 78
6 9 31
6 9 20
4 7 49
13 9 79
12 9 34
10 4 49
12 7 86
12 1 26
1 10 6
8 9 4
4 7 75
12 135 5
2 8 93
3 8 17
8 5 26
1 10 39
5 2 44
12 1 78
4 10 15
10 6 70
8 10 48
2 4 74
10 8 69
6 9 63
2 9 99
12 2 23
5 7 65
10 6 36
10 7 93
2 9 80
2 12 38
1 10 86
11 7 59
3 11 6
6 4 56
2 8 3
10 5 3
5 4 12
2 8 62
4 6 73
8 10 58
1 5 19
12 7 71
10 4 55
1 12 34
6 11 58
10 3 93
5 3 46
5 2 2
4 2 10
2 7 70
4 1 70
6 11 84
4 7 11
8 6 90
12 11 84
12 1 89
3 7 37
11 2 51
4 9 81
7 1 90
9 7 44
6 10 68
8 1 84
10 4 99
5 8 58
2 3 58
2 7 92
9 6 11
6 3 20
9 4 24
4 6 61
9 5 38
8 11 64
10 8 52
1 4 92
12 6 50
12 8 71
2 6 4
7 1 86
4 1 3
10 1 8
4 11 54
11 7 22
11 10 30
2 6 28
9 8 54
4 8 32
11 2 28
2 3 38
7 5 62
1 5 76
2 4 97
8 2 63
7 1 43
8 10 26
11 2 24
12 10 94
5 8 14
8 2 56
5 11 39
12 10 23
3 9 1
3 2 49
2 10 56
12 8 39
1 9 91
11 2 10
2 9 85
5 4 67
9 6 5
5 9 58
12 4 11
6 8 87
2 5 44
9 12 94
2 9 96
9 1 64
2 1 9
7 6 81
5 7 66
4 8 75
9 3 42
2 9 34
1 4 82
2 9 81
5 2 63
6 3 89
9 7 69
7 10 87
3 8 14
5 12 17
2 3 25
12 8 23
2 8 40
9 5 65
12 5 86
5 10 33
9 5 59
9 12 71
10 4 39
5 2 69
8 7 34
3 4 81
12 4 100
6 11 31
7 3 61
5 6 0
4 5 6
1 4 55
5 4 52
4 2 25
4 2 33
1 4 34
12 55 2
9 5 90
2 4 82
7 1 14
11 9 62
7 8 27
7 4 64
8 2 54
10 2 100
3 1 79
7 9 17
8 6 12
2 5 27
3 12 90
10 2 64
1 8 58
11 12 71
7 8 31
2 12 12
4 9 63
3 7 25
9 2 67
10 3 56
10 8 58
12 2 58
3 9 52
7 12 53
3 11 88
10 3 42
1 10 70
4 3 62
2 8 55
10 1 30
9 7 58
7 4 39
6 11 15
10 9 43
9 2 66
8 6 4
9 4 61
8 1 58
7 6 89
11 1 98
5 3 92
12 3 67
6 8 39
12 8 4
2 11 54
8 10 98
2 9 50
8 9 1
3 5 98
6 12 16
4 9 6
12 2 97
3 12 85
5 17 1
5 3 100
5 3 6
5 1 17
4 1 68
1 2 7
1 5 92
5 3 49
1 3 10
1 2 67
3 4 47
4 5 75
2 5 27
4 3 40
3 4 77
1 4 89
5 4 96
5 1 92
4 15 3
1 2 82
2 1 85
4 3 5
2 4 13
4 3 73
4 1 44
1 3 36
2 3 11
1 2 78
1 2 40
3 1 68
1 3 27
3 4 81
3 1 93
3 2 67
13 108 4
6 8 95
6 3 87
12 13 43
10 7 11
10 9 49
11 5 96
8 2 47
6 7 78
13 8 60
1 12 66
3 1 48
6 10 24
3 12 77
10 6 6
12 1 9
13 1 67
3 5 41
8 5 35
2 9 30
9 5 5
5 6 85
13 8 93
8 1 90
8 3 92
8 13 49
6 5 12
4 6 58
3 10 67
4 12 15
7 6 90
13 12 25
2 12 18
2 10 68
8 13 86
6 12 91
5 4 35
6 10 71
5 1 30
8 7 76
5 8 71
7 6 40
8 13 51
9 8 87
3 11 82
7 8 17
11 7 77
13 8 69
5 1 36
9 13 89
13 10 62
7 13 46
2 9 26
11 12 83
11 13 45
10 8 74
4 11 66
13 5 70
5 2 28
12 2 65
6 8 25
4 11 25
4 12 70
3 5 37
2 4 17
6 5 46
7 8 46
3 7 12
1 3 87
11 6 84
3 10 27
9 11 41
5 2 19
8 11 64
5 12 77
7 1 5
9 3 17
7 11 25
8 9 86
1 12 33
10 9 57
9 11 53
13 1 6
8 12 83
2 6 78
2 13 34
7 1 11
9 2 44
5 4 30
3 9 23
1 10 40
12 4 11
3 12 28
13 3 13
7 10 9
10 2 72
10 9 78
6 4 32
12 13 62
12 5 62
2 9 88
5 9 1
3 4 87
6 1 38
11 3 93
7 11 73
11 12 79
10 11 98
7 5 60
14 135 1
4 3 93
3 6 67
5 11 44
3 1 55
14 11 32
3 12 67
4 6 70
1 4 74
9 2 55
3 6 17
11 1 45
13 6 16
4 2 45
8 11 75
9 14 88
3 12 24
4 11 70
11 6 87
8 5 18
13 4 14
4 6 77
11 2 47
12 9 94
1 7 7
9 7 4
7 5 19
6 7 72
13 7 61
13 6 13
2 10 59
6 13 90
6 10 82
8 7 3
8 10 37
1 14 97
8 11 42
8 12 94
11 5 7
9 4 4
14 9 89
5 10 62
6 11 37
8 6 15
14 1 98
13 3 8
7 2 77
4 1 84
2 11 68
14 11 73
12 13 2
6 1 7
10 7 100
5 1 73
5 6 14
1 4 2
10 9 99
2 13 66
8 2 57
10 1 90
10 5 27
12 8 19
5 1 49
5 12 91
9 4 43
4 3 67
11 2 61
6 4 71
1 5 67
8 4 11
2 13 9
5 12 62
10 4 6
10 4 54
4 8 25
13 9 69
3 7 7
13 14 89
2 10 29
11 12 20
4 2 28
13 10 70
5 12 38
7 5 100
14 10 25
11 9 47
8 6 31
1 5 99
13 7 75
10 7 75
9 7 64
6 14 94
9 1 81
5 6 47
4 11 13
9 6 67
9 10 4
1 13 17
3 8 13
2 10 62
8 9 40
13 3 70
3 10 87
10 2 61
12 13 5
11 7 19
7 5 52
3 6 52
10 4 85
9 4 77
5 14 54
13 10 2
8 4 33
4 2 43
5 9 97
9 13 95
10 14 91
5 3 79
8 6 91
3 13 39
13 12 89
5 3 7
3 9 50
2 3 91
11 14 77
10 2 86
13 1 39
11 4 55
5 10 40
7 5 50
10 2 87
1 12 85
14 2 63
6 4 81
10 9 18
14 6 93
10 21 3
6 3 18
10 2 19
3 8 43
5 3 38
7 1 19
8 4 52
7 8 74
8 9 43
8 4 10
7 4 13
4 6 89
6 2 75
7 9 87
5 9 25
3 9 12
10 2 77
8 2 35
5 3 84
3 5 49
1 8 92
1 2 4
9 63 4
9 3 44
9 8 2
6 7 91
6 4 96
7 9 98
9 4 19
9 3 24
1 7 39
4 1 67
5 3 12
3 6 2
5 6 81
8 4 75
5 3 23
7 5 81
4 6 21
5 3 64
6 3 92
1 7 68
9 4 1
7 3 50
4 3 54
4 9 14
7 2 14
9 3 27
4 7 73
9 4 15
3 7 61
8 1 68
6 3 65
3 1 73
1 7 60
3 2 55
8 4 36
1 6 46
4 7 7
2 1 21
5 7 66
5 6 95
1 5 13
7 9 36
4 9 97
8 5 90
2 5 40
2 9 74
7 9 61
8 1 57
4 7 45
2 7 85
8 2 87
5 4 95
4 2 52
8 1 74
2 6 14
6 1 85
9 8 95
6 5 1
8 9 14
8 4 90
9 3 40
1 4 32
3 1 54
5 8 19
14 86 2
12 13 44
10 4 61
6 12 17
13 8 3
4 3 5
8 12 76
5 2 66
10 7 61
2 14 71
13 7 86
7 9 67
3 11 5
11 10 73
12 7 43
1 11 10
3 4 3
5 12 97
1 3 56
10 5 35
2 4 44
10 4 33
13 1 36
2 5 83
3 14 1
2 4 37
3 14 20
14 2 70
3 7 78
10 13 57
12 1 20
5 8 32
13 12 33
12 8 51
4 12 5
11 8 97
6 7 25
14 5 94
3 10 79
14 8 56
13 3 91
10 5 44
8 3 17
1 13 19
14 5 94
5 9 52
11 13 63
8 3 80
11 5 86
4 6 41
3 9 82
3 12 98
7 14 94
4 7 39
8 14 71
1 5 90
1 2 77
10 7 66
2 11 40
7 5 25
5 7 99
11 10 81
3 11 58
8 4 3
3 8 62
14 6 20
12 7 75
12 13 19
7 2 57
6 10 88
7 14 49
10 3 64
13 4 26
6 3 38
1 9 98
11 1 66
8 2 14
4 5 43
6 13 21
12 6 57
1 2 13
3 8 60
13 3 55
4 3 76
9 7 32
7 5 21
4 14 69
8 53 1
6 7 24
4 8 6
8 6 90
4 7 76
5 7 21
7 3 29
4 8 11
7 4 69
6 2 33
8 2 13
2 6 75
1 8 5
4 6 24
5 4 27
4 3 42
8 5 40
4 1 79
2 8 72
4 3 90
4 1 16
5 8 34
3 6 42
7 2 55
5 2 1
1 2 91
7 6 71
6 1 25
6 1 58
3 7 25
8 1 78
5 2 79
4 1 25
8 3 96
5 2 58
2 6 61
5 6 88
8 6 94
7 5 68
7 4 79
1 6 14
3 7 51
8 4 70
8 1 97
2 1 18
5 4 7
3 8 57
4 6 31
5 2 75
7 3 72
5 4 90
2 8 27
5 6 68
7 5 79
11 98 3
9 4 82
8 4 71
9 3 30
5 2 4
3 10 66
6 4 69
4 10 62
4 7 44
3 1 92
1 11 2
4 2 54
7 8 22
10 11 99
8 10 71
4 5 53
9 2 91
7 10 64
2 7 27
4 7 86
5 2 85
5 4 100
10 8 29
4 8 46
7 5 89
5 2 79
1 3 16
4 2 33
8 2 83
10 7 77
9 1 53
7 3 77
2 10 1
3 8 77
3 2 5
9 8 78
9 1 15
6 2 84
7 11 43
10 3 93
2 3 7
10 3 4
8 2 33
9 6 90
9 5 51
5 10 41
6 4 24
8 5 22
2 7 70
1 6 91
4 8 7
3 11 40
7 10 66
1 2 79
9 7 19
11 8 36
10 1 41
8 10 5
9 5 6
2 1 99
11 5 2
10 8 73
11 9 12
7 5 45
2 10 53
10 2 20
3 5 48
5 1 27
10 3 56
9 2 93
9 1 15
6 5 87
6 3 58
4 3 92
3 1 78
8 7 91
7 9 10
5 2 31
5 3 49
3 5 2
6 3 18
10 11 50
4 1 28
10 1 75
8 3 35
9 4 19
4 9 72
11 6 28
10 4 97
3 1 25
1 7 14
2 10 18
2 1 83
9 5 6
8 10 80
3 5 83
8 6 75
9 7 23
8 10 82
6 11 4
3 4 23
3 4 77
1 2 22
2 1 68
3 4 27
6 3 92
1 6 53
4 5 23
2 6 81
6 5 19
3 2 20
12 114 4
5 6 27
1 9 51
11 5 17
1 7 4
11 8 5
9 8 24
6 9 5
11 10 54
4 8 71
10 1 59
7 12 4
3 5 57
11 5 11
10 5 47
9 4 18
10 7 53
3 2 23
6 7 35
11 2 4
1 10 49
1 12 61
6 7 4
8 11 14
11 9 60
4 11 20
7 11 67
11 6 66
8 4 9
10 12 77
7 4 18
1 12 59
1 9 58
9 1 96
8 2 23
7 11 42
5 2 34
6 4 76
8 12 28
11 3 15
5 7 88
5 10 7
8 6 95
1 12 28
12 6 36
5 9 11
6 2 48
9 1 33
6 10 32
1 5 41
11 10 61
10 12 37
6 1 13
4 10 92
10 3 3
4 7 83
8 7 40
11 8 74
7 9 5
2 4 14
5 9 35
8 7 78
12 5 18
7 12 14
1 10 86
9 11 37
4 9 41
9 8 7
12 1 59
2 6 20
2 10 18
8 11 17
4 5 46
5 1 77
9 10 38
5 4 18
1 12 77
10 11 54
7 1 49
4 6 14
4 10 27
3 6 1
8 3 19
6 9 15
9 6 72
12 2 80
9 12 36
8 3 45
1 5 62
10 4 46
11 12 64
8 1 39
5 3 55
1 7 100
1 11 14
3 11 47
8 7 23
9 3 92
3 10 32
4 7 26
4 9 32
10 1 9
4 12 77
11 9 82
7 9 52
9 2 78
4 8 26
1 6 9
1 6 25
2 3 16
2 11 53
9 4 25
7 11 55
1 6 45
10 12 87
7 9 3
3 6 15
7 3 95
1 2 36
4 2 85
2 4 78
5 3 44
1 2 55
7 1 15
1 7 67
5 20 5
4 1 29
4 5 19
2 5 50
2 4 9
4 5 11
4 2 63
2 3 32
4 3 62
2 4 49
1 2 12
3 4 70
5 2 77
5 4 95
4 5 46
2 1 74
5 2 34
2 1 35
1 4 2
3 5 90
5 2 78
8 45 3
7 6 93
8 7 67
8 4 42
8 4 14
8 7 31
8 6 95
7 4 86
4 8 93
8 2 45
8 7 26
3 6 82
3 8 85
8 5 75
6 3 73
6 2 30
5 4 71
8 2 41
7 6 7
4 6 72
5 2 77
3 6 96
6 4 21
5 2 79
3 4 37
8 6 14
3 5 7
8 6 22
5 6 16
3 8 52
1 5 6
1 8 32
2 5 41
6 1 95
6 7 69
6 1 57
4 3 28
5 7 90
8 2 3
5 7 27
5 8 69
4 2 46
2 1 78
3 1 46
3 6 95
5 4 97
12 86 3
2 12 49
7 9 99
1 9 91
7 3 1
9 3 80
7 12 61
2 3 49
1 4 91
9 2 75
12 3 88
3 12 66
3 7 6
2 9 82
3 12 49
6 3 59
6 3 22
12 11 87
4 6 22
1 12 57
4 10 63
11 7 33
7 3 42
10 12 90
1 3 1
4 7 65
3 5 55
2 1 85
5 9 68
2 5 5
4 2 13
1 12 7
3 11 28
3 12 21
8 1 61
5 7 72
6 8 30
1 4 22
10 11 19
8 11 47
3 5 81
4 10 25
10 8 75
7 2 29
12 9 2
6 4 30
6 8 18
10 9 96
9 1 76
7 11 35
11 7 92
5 10 63
5 1 35
7 5 14
9 1 33
6 1 38
4 1 79
5 7 27
12 9 17
4 11 31
1 9 45
6 9 54
5 1 6
10 1 61
6 9 13
2 6 42
6 9 9
8 5 30
1 9 45
2 11 41
9 1 35
2 11 9
11 9 37
7 6 60
2 3 42
1 3 25
5 3 58
1 4 91
10 6 85
2 5 26
2 1 15
4 1 53
3 12 9
1 7 56
7 12 79
7 2 63
4 2 53
9 67 5
9 3 11
2 1 51
6 1 11
8 3 6
7 8 81
1 3 64
8 9 8
8 9 1
3 2 86
3 6 2
1 2 100
2 5 16
2 1 93
6 9 25
1 7 50
5 6 23
1 7 75
2 3 43
1 2 13
9 2 92
5 9 30
5 3 54
4 8 12
5 4 93
2 6 58
2 7 79
3 2 92
8 5 69
4 9 71
2 9 28
3 6 36
1 6 57
6 3 64
6 3 22
2 4 43
4 3 60
9 1 72
3 6 96
2 5 69
7 9 79
3 5 23
1 6 37
1 4 51
8 2 60
8 2 79
4 1 60
7 8 91
1 7 1
4 9 31
9 1 26
8 9 60
3 6 66
6 4 30
9 8 78
8 6 67
2 1 16
5 4 76
9 7 7
9 8 50
7 9 69
7 3 69
3 4 73
4 1 15
1 8 50
8 4 70
4 2 97
6 9 85
5 6 4
4 3 75
4 3 9
3 4 73
1 3 87
2 5 66
2 3 15
14 21 1
6 13 77
1 12 27
6 12 66
3 13 71
8 6 73
9 2 45
3 12 73
10 8 85
4 11 14
13 8 52
5 7 94
14 5 28
8 12 24
13 1 38
6 10 17
2 10 32
9 1 39
9 13 54
1 12 9
3 8 8
10 3 2
3 6 3
3 1 28
3 2 56
2 3 23
3 2 88
2 3 60
2 3 96
12 88 3
7 8 36
4 3 28
12 5 10
6 3 65
9 6 71
2 7 39
12 10 37
3 5 48
11 2 81
1 11 65
12 3 87
9 2 97
3 7 59
7 9 25
4 12 23
8 3 76
1 10 6
11 9 42
9 10 61
12 4 12
7 10 35
4 3 2
11 2 58
3 8 33
5 8 85
7 2 30
5 4 66
7 3 75
2 6 64
11 7 37
11 9 16
3 5 69
3 5 90
5 12 84
8 4 96
8 10 11
6 2 32
7 3 69
12 5 94
10 8 60
7 4 59
4 5 1
3 10 7
2 5 72
1 7 96
11 10 32
9 3 49
6 5 95
7 9 53
12 8 92
10 7 71
2 8 22
10 8 39
11 4 36
2 10 46
1 12 99
11 10 12
11 9 91
5 8 14
5 4 99
6 10 15
8 5 79
5 3 92
10 2 86
7 5 40
4 3 5
3 1 66
3 7 47
5 10 76
12 10 61
3 1 9
10 7 78
10 7 69
3 1 46
11 1 49
2 9 5
8 4 38
7 8 40
2 4 18
10 11 58
5 9 96
3 11 24
10 1 44
11 8 60
7 1 89
9 10 63
11 10 85
3 2 30
3 5 3
3 2 92
1 2 98
2 1 50
2 1 45
2 3 26
15 100 0
11 3 12
12 15 26
13 3 68
1 12 63
6 3 39
15 13 31
1 5 24
13 1 20
14 4 11
14 10 98
3 12 97
6 5 60
2 9 16
4 7 7
2 11 57
6 14 52
11 4 40
8 6 33
12 8 3
2 6 78
12 7 6
9 10 29
14 1 33
9 6 32
11 12 52
14 13 80
2 3 80
12 5 74
9 7 11
1 5 26
15 4 47
13 7 51
7 8 75
3 9 74
6 4 40
8 12 32
6 2 29
14 13 6
12 8 25
2 13 90
4 6 25
8 13 18
11 12 73
12 1 92
10 13 41
15 6 37
7 9 69
10 3 76
15 4 55
10 7 32
15 13 64
2 7 76
7 12 38
4 13 68
8 11 3
5 10 12
14 11 81
14 7 58
6 1 49
4 1 53
5 6 43
11 4 28
6 15 24
12 7 70
7 1 81
12 9 89
2 7 39
4 10 66
7 1 61
2 11 68
14 11 37
11 4 64
9 2 14
2 9 79
12 4 16
10 14 90
11 14 40
7 4 48
14 7 32
2 3 41
8 3 47
6 15 49
2 6 44
11 3 36
9 11 34
10 15 68
7 11 37
10 15 30
8 14 1
5 14 48
10 3 3
15 14 90
7 2 85
3 12 17
11 8 51
5 1 12
10 7 77
4 11 32
14 4 9
5 9 13
7 44 0
7 2 65
3 1 66
4 1 20
2 6 4
2 3 10
1 4 64
7 3 15
4 2 96
5 2 81
5 4 39
2 4 98
2 6 11
7 5 20
1 6 69
7 2 20
1 3 87
2 6 24
3 1 60
2 7 97
7 2 4
7 1 66
3 6 70
3 7 89
4 7 79
6 5 11
6 4 49
5 2 14
6 4 92
6 5 2
3 1 50
4 7 35
4 2 31
3 6 5
6 1 55
7 1 74
5 1 59
7 1 3
6 7 92
7 3 86
1 5 14
5 7 35
5 1 4
1 5 36
5 3 50
5 10 3
5 1 11
5 1 37
4 5 94
1 5 67
2 3 48
1 3 22
3 4 99
2 5 7
1 4 60
4 1 100
7 47 3
2 4 27
1 2 87
6 1 49
7 2 59
7 2 31
4 5 10
2 1 88
4 6 49
1 4 25
7 1 24
6 3 58
3 7 38
3 7 10
2 1 9
2 7 10
2 3 9
2 4 37
7 6 22
2 1 89
6 1 77
6 2 81
2 3 29
2 1 71
7 2 5
6 7 61
4 6 54
5 1 35
5 7 76
4 2 79
7 2 40
5 3 71
2 4 69
7 2 36
4 1 99
3 7 25
1 2 64
3 4 32
6 2 3
6 2 45
4 1 66
2 4 33
6 4 78
2 6 88
4 3 84
7 6 85
5 3 76
2 5 91
10 35 3
5 3 50
1 8 29
7 4 98
10 6 65
2 6 77
2 5 72
9 1 26
7 6 81
9 10 18
10 2 77
9 10 83
4 6 96
3 5 100
1 3 6
7 4 38
6 2 76
7 3 99
1 2 50
9 4 70
1 8 36
5 6 62
6 2 27
2 8 71
7 6 96
5 6 26
4 10 30
2 10 94
4 7 71
3 4 14
5 2 41
2 8 98
7 8 70
2 10 64
8 7 5
4 3 64
9 47 5
5 1 68
5 1 23
5 6 64
4 1 99
3 7 51
4 3 85
2 7 87
2 6 76
2 6 86
6 7 84
3 4 85
2 7 41
4 7 76
6 2 20
6 8 70
8 9 94
9 2 6
5 2 39
3 1 64
8 5 88
2 9 80
9 3 87
9 3 88
4 5 28
5 7 93
8 1 68
2 6 21
9 5 95
8 2 72
1 3 96
7 5 90
3 1 94
6 7 33
7 1 37
7 2 35
3 5 80
4 6 47
9 8 5
3 2 12
6 9 3
3 7 22
7 5 62
3 1 74
8 6 27
9 7 38
9 1 84
6 9 30
7 36 2
1 4 63
7 5 61
5 4 13
4 7 82
5 4 36
3 2 23
7 5 58
3 7 22
4 5 78
4 5 62
2 4 78
3 5 62
1 6 86
1 6 84
3 2 4
7 4 41
7 5 75
5 2 58
2 4 62
6 3 18
5 2 27
6 5 1
4 7 75
4 5 71
5 1 92
3 7 51
6 4 61
1 6 39
2 6 62
7 4 6
3 6 84
3 2 3
1 5 9
4 2 72
6 2 10
3 1 29
8 38 3
8 7 39
7 1 48
3 5 30
2 6 87
4 7 70
7 5 70
4 3 59
5 6 84
1 4 30
1 4 32
5 3 73
8 7 79
1 8 18
1 5 93
1 3 55
7 3 17
1 6 20
8 4 22
3 8 40
5 8 83
2 7 1
7 2 31
4 3 23
1 7 52
3 5 82
1 3 63
4 1 78
5 8 96
4 1 90
1 6 24
7 6 9
2 1 5
4 2 78
5 2 88
2 4 24
5 7 20
6 7 69
3 7 34
4 16 1
2 4 26
4 2 5
3 4 52
4 2 6
1 4 40
3 4 86
4 3 54
2 1 100
3 4 15
2 1 58
3 4 57
4 3 77
1 3 33
4 2 74
2 3 6
4 1 40
10 96 0
9 8 49
3 6 97
1 8 26
8 10 14
1 5 64
7 8 69
3 8 12
1 7 94
6 8 57
5 4 6
6 3 84
3 5 84
7 8 16
2 8 38
10 3 58
6 8 29
7 8 32
1 2 41
10 7 26
8 1 85
6 1 72
4 1 53
2 1 62
10 5 34
4 8 82
2 7 26
9 7 53
7 9 70
8 7 70
4 5 8
6 10 70
8 5 90
5 7 74
4 1 16
7 2 61
1 3 33
3 9 25
7 5 84
5 2 65
1 9 83
9 6 75
4 9 28
3 2 100
10 3 3
3 4 20
6 5 45
7 3 27
7 3 70
3 5 41
5 8 22
6 4 34
2 6 77
4 6 62
6 9 16
9 3 63
10 3 13
1 2 69
2 3 89
1 3 15
6 1 46
1 9 61
4 9 39
10 5 75
2 6 100
1 3 34
4 10 86
10 6 39
3 6 93
4 7 38
10 5 47
6 9 81
10 1 40
8 6 90
1 5 52
1 2 55
2 4 9
2 6 53
6 10 13
4 9 71
9 2 53
5 10 12
4 3 16
9 8 49
9 4 92
9 3 10
9 6 44
7 4 27
3 7 87
9 2 78
8 3 16
5 6 82
6 2 49
7 4 89
1 9 50
1 4 6
5 6 90
3 5 3
3 1 12
3 2 53
3 1 92
3 2 92
2 3 30
11 42 4
11 10 66
4 1 63
4 8 7
7 3 25
6 9 10
5 1 6
10 5 50
5 9 5
3 10 75
4 10 46
3 10 91
7 1 90
1 5 57
11 2 75
4 3 64
9 1 59
10 5 2
7 4 64
10 1 44
4 11 69
2 1 52
10 2 20
11 7 50
2 3 55
5 7 36
2 7 15
5 9 44
6 11 47
11 5 58
10 11 47
9 8 14
4 3 64
6 10 100
1 7 22
2 9 84
10 5 26
8 1 33
1 5 48
9 8 100
5 4 36
4 11 74
8 9 54
9 75 0
2 5 79
5 8 76
1 4 81
4 2 52
9 5 68
6 2 58
8 9 78
9 5 82
6 2 85
1 9 86
4 2 53
3 9 55
3 8 24
6 8 73
6 1 27
4 3 81
9 4 46
9 3 40
2 7 29
7 3 62
2 6 42
1 4 39
3 9 25
4 1 11
4 3 48
8 3 33
1 3 61
4 1 96
4 1 20
2 8 51
1 6 60
1 7 51
3 5 21
8 4 90
3 1 96
4 5 91
5 8 80
9 8 47
7 4 33
4 9 51
2 9 50
9 2 17
7 2 33
5 2 24
7 1 15
7 4 52
6 8 65
1 6 28
7 6 78
2 1 97
2 1 4
2 6 23
2 9 100
8 7 71
3 2 34
4 7 4
8 4 82
5 4 28
6 1 97
1 3 4
8 1 37
4 6 96
8 1 68
4 6 68
5 9 84
1 9 45
4 1 3
1 7 7
1 2 21
9 1 59
1 5 51
9 1 41
6 2 57
3 9 54
5 6 71
6 25 5
6 5 9
5 3 25
2 5 67
1 2 85
4 6 22
5 6 42
5 3 74
6 4 91
4 5 48
2 5 58
1 4 68
6 4 4
2 6 54
2 5 23
4 6 83
6 2 34
1 6 72
2 3 37
2 1 48
3 2 44
2 4 80
5 1 33
4 1 71
5 2 15
4 1 55
5 5 5
1 3 49
5 2 75
2 4 51
3 5 45
1 4 34
13 162 5
9 1 3
8 11 72
3 11 75
9 2 32
7 8 93
9 10 40
1 9 6
12 3 100
3 10 51
12 13 92
9 2 97
5 13 25
8 7 95
4 9 50
4 3 3
7 4 10
13 8 86
1 12 31
13 1 36
11 2 87
9 4 60
11 8 75
11 3 27
7 1 67
9 5 13
12 3 4
13 6 11
7 8 69
8 4 88
6 10 71
10 6 40
1 10 92
9 8 98
11 6 8
3 9 98
12 3 14
7 4 23
6 9 37
4 1 65
1 10 20
7 2 90
3 1 40
12 7 80
10 4 65
12 13 52
9 4 16
2 6 21
4 1 40
10 11 13
3 11 59
1 11 27
2 3 11
7 4 74
7 5 38
2 10 7
1 3 59
6 9 15
7 2 33
9 11 45
10 8 70
6 12 88
13 12 32
3 10 57
4 6 45
2 8 40
12 4 99
10 1 95
12 4 31
6 8 89
13 1 83
11 6 18
13 1 3
2 9 42
7 4 83
12 10 100
7 3 17
13 12 56
6 1 46
8 7 92
6 2 70
8 9 79
3 6 20
11 1 58
10 9 32
7 12 86
8 1 36
10 1 29
10 2 80
9 6 66
8 3 36
13 10 39
8 2 70
13 8 40
12 9 81
4 11 10
6 10 8
6 4 46
9 10 84
13 11 79
2 6 60
8 9 54
2 7 86
13 2 51
11 8 54
1 4 44
13 9 92
12 7 24
3 8 14
12 7 5
11 7 55
10 3 100
3 4 77
11 3 19
2 12 87
3 6 60
7 3 1
12 13 76
6 7 2
9 2 46
9 13 8
8 3 52
13 12 55
6 3 76
5 6 11
8 6 70
4 1 59
13 10 64
7 4 64
7 11 39
7 8 85
6 2 90
9 5 66
3 7 84
10 13 61
6 11 78
1 12 4
12 10 60
13 9 56
9 4 67
8 7 1
6 9 31
4 9 96
8 5 26
2 12 39
13 6 56
11 12 1
5 1 27
13 7 34
5 2 90
7 1 6
13 4 55
1 11 14
3 1 2
8 1 28
8 9 3
13 1 84
3 12 23
4 1 29
5 13 72
8 7 96
2 5 39
6 11 38
12 97 5
2 8 69
6 12 46
6 2 65
2 10 80
8 1 79
12 7 54
4 12 75
5 6 14
7 6 31
8 5 27
7 12 2
7 9 96
7 1 4
11 12 40
3 5 95
12 2 51
8 5 34
10 7 34
2 6 91
8 7 46
10 4 85
10 5 67
3 8 14
5 1 7
10 1 43
9 12 82
9 3 31
4 9 38
7 9 36
8 7 70
5 3 97
10 3 58
2 1 53
10 11 8
3 6 73
1 2 37
2 1 63
11 12 5
1 3 37
1 4 33
3 10 22
12 8 68
8 5 29
7 8 53
10 7 12
8 4 33
9 3 78
8 3 11
1 10 87
8 6 40
7 10 34
5 9 61
6 10 51
3 12 65
1 8 56
3 4 78
8 4 14
2 4 82
5 6 83
3 4 45
9 6 40
8 9 33
11 7 95
10 3 11
1 8 45
5 3 53
3 11 7
3 7 1
2 4 61
10 1 37
1 8 27
3 4 38
3 1 39
9 8 24
5 9 3
3 4 92
9 6 48
3 5 34
11 8 88
11 4 72
4 12 76
6 2 18
10 3 75
8 4 51
9 10 90
4 5 69
3 5 12
1 12 10
6 8 79
11 2 10
8 6 99
5 12 65
3 12 63
2 6 47
10 9 65
4 9 11
8 9 53
6 36 1
3 1 18
6 5 64
4 3 33
5 3 73
1 4 67
4 6 100
6 1 38
3 5 26
4 2 70
2 1 73
4 3 10
5 4 20
5 6 75
3 5 90
5 4 95
3 2 57
2 6 65
4 2 71
4 3 3
1 2 54
1 4 94
1 5 9
6 2 76
1 4 92
1 4 15
5 1 51
2 4 51
1 2 21
3 4 51
1 5 19
3 5 38
3 4 73
4 5 60
6 5 32
1 4 52
5 1 41
10 45 5
2 6 95
4 10 39
10 8 8
7 3 77
9 3 37
6 7 86
10 5 69
6 3 87
2 5 18
8 6 78
7 6 100
7 5 34
10 2 66
6 7 57
2 4 83
9 10 51
7 9 19
8 3 82
1 7 95
2 4 70
10 6 64
2 7 97
8 1 1
9 7 15
3 1 78
5 2 67
3 4 52
10 8 52
9 6 14
10 5 32
9 3 13
2 7 50
2 10 63
8 5 96
6 10 83
7 10 24
10 9 7
1 8 33
3 1 84
9 3 44
10 9 5
3 6 73
6 10 51
4 1 1
5 2 58
7 13 0
2 6 16
1 2 7
6 1 5
4 3 21
1 5 4
6 3 29
5 4 15
5 4 58
4 1 25
3 2 78
7 6 32
1 4 97
4 1 63
5 20 4
4 5 48
4 1 36
3 2 5
2 3 64
5 3 51
5 1 8
5 4 98
1 2 17
5 4 88
2 3 2
4 1 49
3 2 28
3 5 16
5 3 15
1 2 71
4 5 1
4 1 68
2 1 36
1 4 50
1 3 5
3 3 0
1 2 41
1 3 76
1 3 88
11 71 5
4 6 99
3 1 90
10 11 3
9 5 77
9 6 39
4 7 40
7 9 55
1 5 35
11 9 22
11 2 30
6 1 4
11 3 33
3 11 2
5 2 59
7 4 68
5 7 12
8 2 97
3 4 73
11 2 74
4 3 87
4 1 26
5 8 30
10 2 27
11 10 4
1 9 85
7 11 87
10 5 47
10 9 97
3 2 34
2 10 92
4 7 55
8 7 39
9 10 35
9 11 98
1 6 51
10 9 16
1 8 68
11 8 51
5 10 68
4 9 12
10 3 20
3 7 40
9 4 49
7 10 1
6 10 43
10 7 83
9 3 62
11 6 22
6 8 25
6 9 59
6 2 50
11 9 9
10 8 91
7 9 51
1 11 34
5 8 45
5 8 33
11 8 44
5 4 2
6 1 81
6 11 11
3 2 6
10 5 29
7 3 82
5 10 93
1 6 88
10 4 91
2 4 25
8 11 73
7 5 41
8 4 7
13 27 5
1 11 61
9 11 80
11 3 40
7 9 82
7 11 70
13 12 10
11 4 16
6 8 12
10 1 56
11 2 22
10 13 37
1 4 60
5 8 59
13 11 96
3 8 52
2 5 33
4 12 53
6 13 69
1 8 68
3 13 39
8 7 93
4 3 13
12 7 85
3 6 87
11 6 56
9 1 59
8 1 5
10 86 3
3 4 58
5 9 74
4 5 2
10 7 44
9 8 76
6 8 44
4 6 100
1 2 10
2 1 40
8 4 40
3 5 28
4 3 62
4 5 33
2 6 68
1 2 44
4 9 63
9 4 77
8 5 19
4 6 62
9 6 29
4 6 22
6 3 94
7 6 73
7 6 100
7 3 35
6 5 69
1 8 10
9 6 64
2 3 83
9 1 23
2 10 78
7 4 81
5 10 28
2 4 92
5 2 55
10 8 15
4 8 2
5 10 10
3 6 77
9 4 70
2 5 72
10 7 69
6 3 9
1 8 73
8 1 17
5 9 72
7 4 67
6 1 97
6 8 63
4 3 59
3 10 27
9 6 1
10 6 41
6 9 24
7 8 93
7 4 88
6 3 81
3 10 65
3 8 87
4 9 34
5 9 100
5 2 28
1 6 59
1 10 80
6 5 70
3 6 75
7 2 77
9 10 19
3 8 81
5 8 52
6 9 84
8 2 28
6 2 43
5 2 70
4 2 93
10 6 77
7 10 87
4 7 10
7 10 44
4 5 30
1 5 79
10 2 7
1 8 21
10 4 3
4 7 50
3 6 25
14 94 5
4 3 49
13 3 34
10 6 83
6 12 58
1 9 68
11 2 77
8 13 38
5 9 43
8 2 100
3 9 21
5 11 88
13 8 83
5 7 44
8 5 8
1 13 83
1 14 67
9 4 44
2 1 14
10 11 32
11 2 34
11 14 3
10 3 22
10 12 30
4 6 10
2 9 100
2 4 45
8 2 29
12 6 96
14 13 61
2 7 80
4 7 54
9 10 53
12 8 74
8 9 39
3 14 7
14 9 40
14 13 68
8 3 71
5 4 2
3 10 93
11 1 30
9 4 32
13 2 74
2 10 61
7 8 77
4 7 32
9 6 27
13 8 80
14 12 43
6 5 78
12 11 99
3 6 54
14 7 55
9 10 94
2 13 10
11 6 60
8 10 74
4 14 85
9 4 45
8 4 14
12 8 5
7 5 44
4 2 91
12 14 26
14 3 90
2 12 56
6 14 29
3 8 26
10 11 93
3 13 17
14 6 60
2 5 100
3 14 53
4 8 8
1 10 63
1 8 44
10 14 78
13 4 35
9 1 85
1 6 66
5 9 52
5 9 8
3 5 14
12 11 49
11 2 85
7 5 57
12 8 83
13 4 95
2 10 55
6 1 53
9 10 65
13 14 13
9 7 83
4 1 47
15 37 5
12 1 10
13 4 63
8 7 25
12 9 76
7 6 87
9 4 53
13 9 73
2 4 8
13 14 41
5 13 46
2 10 45
4 13 2
13 8 10
6 15 95
6 2 83
6 5 9
7 9 17
12 9 10
14 13 36
5 2 38
1 4 83
6 5 69
9 8 59
5 10 12
5 15 80
14 4 91
10 12 66
10 1 94
3 14 87
4 5 25
8 12 15
6 7 38
2 12 67
7 2 95
4 6 57
4 2 53
3 8 81
10 21 1
9 10 91
6 1 35
9 6 16
2 7 94
10 9 50
4 10 9
7 8 75
1 9 96
7 3 49
10 6 76
5 2 81
2 4 68
3 9 52
3 9 93
2 5 10
6 4 61
9 10 85
5 6 97
9 1 82
6 5 69
3 10 2
13 105 3
3 8 30
1 2 69
10 5 50
7 12 27
7 2 53
5 12 51
6 3 36
1 8 18
4 1 4
4 8 39
13 2 41
8 13 67
9 11 7
5 8 40
3 9 68
5 6 57
7 5 28
5 8 57
12 10 30
1 4 17
4 1 58
7 3 63
13 1 55
2 12 81
4 9 92
5 10 45
11 2 80
13 12 57
4 1 75
13 6 80
10 7 34
1 8 21
7 2 23
12 7 94
12 8 20
2 7 43
10 9 36
6 5 61
2 9 67
6 7 57
11 8 50
13 8 33
12 9 93
12 9 19
3 9 76
1 11 92
8 2 56
7 3 18
10 6 67
1 4 2
12 6 28
9 2 36
8 6 64
6 5 4
7 6 77
1 6 55
7 8 69
12 1 82
1 9 27
9 11 31
3 11 38
12 4 29
7 13 62
13 2 99
9 8 22
11 1 56
7 11 4
6 2 37
13 11 31
13 12 51
6 13 6
12 4 21
1 4 49
4 8 36
3 13 43
3 4 93
2 13 73
5 12 43
5 11 30
11 9 49
2 10 32
3 13 76
13 1 36
10 8 92
13 7 78
9 6 18
1 10 11
11 10 34
3 1 27
12 5 46
7 2 32
13 2 89
6 13 81
3 13 6
1 2 2
2 13 64
1 7 21
7 13 28
10 1 100
8 9 26
10 7 20
1 11 13
6 7 52
7 10 59
1 13 41
4 5 1
4 1 22
4 3 21
3 1 29
2 1 41
3 2 11
11 116 0
1 10 69
10 6 94
3 7 50
3 7 44
1 7 65
3 7 5
7 6 5
2 7 97
6 9 67
8 11 38
9 10 64
4 8 40
4 10 34
11 4 11
7 11 32
6 8 87
1 9 40
11 4 98
7 3 65
4 8 93
8 3 28
9 3 79
4 11 70
8 7 55
11 3 8
2 11 37
5 9 58
3 6 18
1 8 52
9 3 81
2 4 21
1 2 5
2 3 98
5 9 52
1 2 85
6 7 1
6 2 1
4 1 64
7 9 20
2 10 45
8 4 58
10 2 84
2 6 8
8 6 86
1 4 80
8 7 46
7 8 15
10 9 22
6 2 81
3 2 16
6 5 67
2 7 73
11 5 91
11 9 70
6 5 1
8 1 25
1 3 6
3 10 83
11 2 48
9 4 28
1 10 98
9 6 87
9 7 74
3 6 9
2 11 15
1 7 87
7 8 60
10 2 21
8 1 46
11 9 41
11 9 88
9 3 5
3 7 48
6 4 14
2 4 63
9 1 100
9 11 100
7 5 4
10 7 100
8 10 94
5 10 51
11 9 55
3 4 70
9 7 58
11 8 49
3 9 5
5 10 39
10 7 53
3 1 1
4 3 63
10 6 89
6 4 44
3 10 90
1 8 66
2 9 84
2 5 84
6 11 9
4 7 41
2 3 27
1 11 83
2 9 4
8 11 88
5 11 57
5 1 50
1 4 44
10 4 87
6 9 16
1 2 33
8 2 73
5 2 47
6 9 37
7 1 58
6 4 70
11 6 6
7 1 70
9 4 69
15 39 3
10 6 26
5 8 4
13 15 3
4 1 6
1 9 87
9 1 72
14 3 43
11 14 19
10 4 27
1 10 85
7 5 75
5 13 51
13 8 16
1 4 99
12 2 90
3 7 13
15 4 47
6 1 2
15 5 56
8 15 86
1 3 14
5 14 98
4 5 26
10 2 56
8 13 48
6 13 15
9 11 29
12 4 80
2 5 8
7 13 66
9 7 21
4 8 99
15 6 75
2 15 11
13 12 92
14 15 31
8 15 95
9 10 71
10 11 64
15 139 1
4 9 8
7 10 29
1 3 32
3 6 1
3 2 41
8 7 79
13 8 3
8 13 26
6 14 29
1 11 31
7 8 82
7 14 23
8 1 82
3 10 39
8 2 86
4 15 61
10 5 70
12 8 5
1 5 21
14 5 14
4 13 55
8 5 75
13 7 100
1 3 84
8 12 23
15 1 77
11 5 13
6 11 6
9 11 21
10 8 23
14 1 71
12 7 83
11 4 35
9 4 44
10 11 95
7 12 47
12 6 69
5 7 87
7 15 48
2 14 24
8 6 72
13 2 22
8 2 70
14 13 48
11 12 7
12 4 1
13 12 78
13 6 46
6 14 35
5 13 48
13 2 7
15 7 41
2 10 26
8 11 61
7 8 10
5 7 48
5 4 44
14 2 64
3 13 51
12 11 22
8 7 26
8 9 84
15 13 72
11 7 39
2 15 97
5 7 79
10 12 31
4 9 5
13 2 21
15 3 94
7 4 11
15 1 14
8 2 35
15 11 74
5 4 42
1 6 25
3 6 45
1 2 4
9 10 58
6 2 53
6 3 54
7 4 4
3 1 93
15 4 78
8 9 4
13 11 77
14 1 11
15 1 75
10 3 20
13 11 57
12 7 41
11 6 61
4 10 68
9 10 37
5 10 13
14 11 60
6 13 43
14 5 20
12 6 2
13 8 12
8 12 42
13 7 51
2 1 11
7 1 54
3 6 53
15 8 11
5 14 61
5 2 43
15 2 15
10 4 10
8 3 3
14 8 75
7 15 57
2 7 17
13 3 18
10 13 66
4 2 30
7 9 70
14 8 79
2 9 79
12 8 77
2 11 18
15 9 71
4 6 12
13 8 14
11 2 42
14 12 24
4 2 55
4 13 2
7 9 41
14 13 54
4 3 85
15 9 84
6 2 96
9 6 10
12 1 64
14 5 62
7 6 89
5 7 24
10 94 5
4 7 45
6 7 56
6 3 93
10 9 69
10 4 30
10 7 66
8 1 10
3 8 94
1 7 56
3 9 5
3 4 5
4 3 78
9 3 6
7 2 27
5 1 28
8 5 10
7 3 5
3 8 33
6 5 76
3 6 11
2 6 90
1 5 69
8 5 38
9 2 3
9 2 47
4 1 42
3 6 79
4 6 90
2 10 94
6 7 95
1 7 97
3 2 17
8 9 64
2 9 75
10 4 8
2 7 55
3 9 14
4 10 73
7 9 85
7 2 19
9 5 52
4 5 58
10 4 97
1 9 42
2 6 76
9 3 55
4 1 79
7 3 4
3 1 9
10 5 93
8 2 67
2 10 49
1 2 64
9 8 62
6 2 24
7 1 53
5 9 35
3 4 71
10 7 52
4 5 16
6 1 64
10 5 3
8 9 22
7 2 7
4 3 83
6 9 13
8 3 23
1 6 11
4 6 5
3 5 57
4 2 87
10 6 64
2 8 20
8 5 2
9 8 82
10 7 25
2 9 15
10 2 40
6 3 28
2 9 74
3 1 34
2 10 65
9 5 79
5 2 56
4 5 38
5 6 97
7 2 80
4 1 49
4 6 62
7 4 79
1 3 46
9 4 82
8 9 64
3 5 39
12 125 2
5 3 65
9 1 18
1 12 66
6 1 80
8 7 26
11 10 71
12 1 76
11 7 37
10 2 23
12 2 4
12 9 96
11 4 80
5 10 29
7 2 66
4 5 92
11 7 9
6 1 85
6 9 60
12 9 27
4 6 23
8 4 16
1 5 58
7 1 81
7 11 47
10 11 12
4 2 2
2 5 37
10 5 53
12 2 22
8 10 47
6 5 86
7 11 84
12 11 98
2 12 19
8 6 62
6 3 61
9 2 12
8 9 14
2 7 69
7 5 100
12 9 87
8 4 98
11 9 77
12 5 1
11 7 42
9 6 25
12 6 33
9 4 84
9 6 53
9 8 97
5 11 34
1 9 100
5 4 50
5 11 75
3 4 79
1 9 33
10 9 73
7 5 16
2 5 36
10 11 50
10 1 56
7 10 95
5 3 33
5 8 16
8 1 37
8 9 34
2 10 85
4 12 58
9 1 47
2 5 62
8 11 52
3 9 20
10 2 61
9 6 33
2 6 32
2 7 89
6 7 82
5 9 58
2 8 94
2 8 19
5 2 7
5 10 41
9 2 59
4 12 41
2 4 25
11 10 43
7 1 59
8 11 72
9 5 7
12 9 69
9 3 92
6 10 74
8 4 95
8 5 66
2 6 95
1 3 76
12 3 21
6 4 50
3 8 27
5 4 74
10 2 71
10 2 21
7 4 10
8 7 60
8 3 40
9 6 67
4 3 39
10 8 25
1 7 25
2 5 15
9 12 39
4 10 94
3 4 85
1 7 41
6 4 74
2 7 87
11 3 41
12 10 12
8 7 52
3 10 65
4 5 58
10 1 19
5 8 50
3 7 64
9 4 97
7 36 2
3 6 17
2 4 68
3 6 27
5 6 82
1 5 56
4 2 65
1 4 57
5 1 69
7 3 1
7 1 56
4 7 63
7 5 29
2 1 88
2 5 78
1 3 18
4 5 29
7 6 75
1 6 71
2 1 11
2 4 2
3 2 59
2 3 26
6 1 77
2 3 6
6 1 97
1 2 26
4 5 90
4 7 100
2 7 82
2 5 66
7 6 68
3 6 21
3 5 30
1 5 95
5 3 57
1 2 9
9 68 5
1 7 100
4 8 3
3 9 83
5 7 84
9 7 85
9 7 35
3 4 77
6 7 6
9 5 57
9 6 73
6 3 71
8 6 99
2 6 81
4 5 55
8 3 76
1 7 57
1 3 42
9 5 13
3 8 75
2 1 43
6 4 27
1 5 19
1 7 14
5 6 89
3 8 21
7 4 50
8 7 68
1 6 67
6 2 73
2 6 71
8 2 3
8 5 59
8 5 11
1 4 79
2 4 8
3 8 60
4 6 14
3 4 16
2 3 76
7 9 10
4 8 13
2 3 52
9 8 25
1 6 75
6 1 79
2 6 65
1 3 68
8 6 54
1 9 70
4 9 12
2 6 5
2 9 33
1 5 85
7 3 45
1 9 96
6 4 63
1 4 54
6 7 90
4 2 2
3 1 33
7 2 72
4 1 10
2 5 31
7 8 9
2 1 48
9 2 30
7 1 13
3 7 56
4 10 4
1 4 78
1 2 24
2 3 3
1 2 83
4 3 35
3 1 81
2 1 34
2 1 50
1 2 56
1 3 41
8 45 4
5 6 72
7 8 17
7 6 27
6 2 65
6 8 18
8 7 87
5 7 47
5 4 69
4 8 65
5 8 65
6 7 7
6 8 71
5 2 3
1 3 77
7 4 33
8 5 58
6 1 1
2 8 64
1 7 16
3 8 13
5 6 96
8 6 42
7 5 16
8 6 17
6 5 8
1 7 26
1 8 5
5 2 87
3 2 64
7 3 57
1 8 20
6 5 84
8 2 97
7 8 91
2 3 30
6 8 7
4 1 39
2 7 86
2 7 82
2 4 2
1 2 58
6 8 57
5 3 62
6 7 58
6 8 24
11 16 1
5 9 55
3 10 46
4 3 35
10 11 89
10 5 17
10 8 86
5 11 20
10 9 86
11 2 34
8 4 78
10 5 79
2 4 11
5 11 90
1 2 85
7 10 44
5 3 22
4 5 4
2 1 96
1 2 29
4 2 24
3 1 15
4 1 31
5 17 3
5 3 45
2 5 100
2 3 72
2 5 42
4 5 43
2 5 19
5 4 69
4 1 51
5 2 14
4 3 15
2 3 33
4 1 30
4 3 34
4 3 58
3 4 99
1 5 18
1 4 19
9 35 5
6 9 71
8 4 29
4 5 66
3 4 64
5 8 92
5 6 76
2 4 27
5 4 4
9 5 34
8 6 23
2 3 88
3 2 75
5 2 48
6 8 23
7 2 76
8 4 30
6 2 73
5 2 29
3 2 35
4 5 44
2 7 79
6 7 23
6 1 25
8 9 67
3 2 62
6 2 78
4 2 2
5 4 85
8 4 73
6 7 8
9 2 50
7 3 6
3 5 21
4 7 39
5 6 51
3 5 3
3 1 63
1 3 23
2 3 92
1 3 36
1 2 9
13 138 0
6 12 89
13 12 22
6 10 27
5 9 30
2 10 85
3 2 86
11 6 2
3 4 48
1 7 94
12 3 64
4 1 36
8 3 42
8 13 75
4 2 8
9 12 79
12 13 53
8 10 96
7 11 95
9 7 23
8 5 42
10 7 44
8 5 44
1 13 83
12 11 30
11 4 32
9 3 66
4 8 21
3 1 69
6 11 90
1 12 47
4 13 9
10 11 61
7 2 98
1 4 31
8 6 87
3 4 92
13 8 73
2 1 3
2 7 74
6 1 85
6 12 55
10 1 84
11 7 82
10 3 64
3 8 88
7 5 12
2 7 31
2 1 57
6 10 21
8 10 19
1 13 1
9 12 20
1 10 39
9 12 26
6 12 97
12 11 32
12 7 88
8 5 40
9 3 25
12 2 47
2 3 46
10 12 82
8 6 45
6 3 56
2 7 69
8 7 21
5 4 25
9 4 16
11 13 31
5 13 47
10 4 48
3 13 57
4 10 14
6 11 56
7 11 33
2 4 9
6 8 53
3 5 46
8 1 44
3 12 94
11 10 7
7 1 11
11 13 11
4 12 74
11 5 5
4 7 66
7 12 54
11 6 9
4 2 49
11 4 27
1 13 84
7 10 1
10 12 15
1 4 39
2 6 39
8 12 41
11 9 15
4 1 4
7 12 58
2 12 97
11 13 31
10 8 77
11 3 41
3 12 29
7 6 27
1 11 29
6 2 45
8 12 5
12 7 43
5 8 12
6 12 33
1 7 93
13 11 36
7 13 13
4 11 25
4 10 34
4 8 6
4 6 46
13 8 82
1 4 97
3 7 100
1 2 65
10 4 46
9 7 39
1 2 46
11 8 51
8 13 72
3 4 25
11 1 11
12 2 26
7 6 33
8 7 57
11 1 35
3 2 49
13 9 27
6 11 85
2 4 91
3 9 71
